11
8
5 6
3
5
6
9
1
4
7
10
2
3 6 9 10 13
1 3 4 6 7 8 9 10 11 13
1 2 4 5 7 8 11 12
13
1 2 3 4 5 6 7 8 9 10 11 13
8 9
6 7
7 8
12
9 10
4 5
8 10
1 2 3 4 5 6 7 8 9 10 11 12 13
1 2 3 4 5 6 7 9 10 11 12 13
8 9 10
3 4
1 13
1 2 3
1 2 3 10 13
1 2 3 10
1 2
1 2 3 4 6 7 9 10 13
4 6
1 2 4 5 6 7 8 9 10 11 12
1 2 3 4 5 8 11
1 2 3 4 5 8 11 12
2 3
1 2 3 5 6 7 8 9 10 11 12 13
1 3 4 5 6 7 8 9 10 11 13
1 2 3 4 5 6 7 8 9 11 12 13
3 5
6 7 8
5 6 7
6 8
5 7
10 11
11 12
1 2 3 4 5 6 8 9 10 11 12 13
1 2 3 4 5 6 7 8 9 10 11 12
1 2 3 4 5 6 7 8 10 11 12 13
1 2 3 4 6 7 8 9 10 11 12 13
2 3 4 5 6 7 8 9 10 12 13
2 3 4
1 2 3 4 5 6 8 9 11 12 13
1 2 4 5 7 8 9 11 12
12 13
1 4 7 10 11 12 13
3 4 7 10 11 12 13
11 12 13
4 5 6 7 10
1 4 5 6 7 10 11
2 3 5 6 7 8 9 10 12 13
1 3 7
1 2 3 4
5 6 7 8
4 5 6
3 6 10 11 12 13
6 9 10 11 12
3 4 5
3 4 5 6
6 7 8 9
1 2 6 9 12 13
1 2 3 5 6 9 12 13
1 2 13
7 9
7 8 9
1 2 4 5 6 7 8 11 12
1 4 8 11 12 13
1 11 12 13
1 4 5 7 8 11 12 13
1 4 11 12 13
2 3 4 6 7 9 10 12 13
3 10 11 12 13
1 2 3 4 7
3 6 9 10 12 13
2 6 9 10 11 12
1 5 6 7 11
1 5 6 7 8 11
4 7 8 9 10
3 4 5 6 9
4 5 6 7
2 3 4 5 6 7 9 10 12 13
1 3
1 12 13
1 4 5 6 7 11
9 10 11
9 10 11 12
10 11 12
3 4 5 6 7 9 10 13
3 4 6 7 10 13
2 5 9 10 11 12
2 9 10 11 12
9 11
1 4 8 9 10 11
1 2 9 12 13
2 3 4 5 9 12
3 6 7 8 9 10 13
3 4 6 7 8 9 10 13
1 3 4 7 8 9 10 11 13
3 4 7 8 9 10 13
1 8 12 13
1 5 8 12 13
1 3 4 6 7 8 10 11 13
10 12
1 2 6 9 13
1 2 4 5 6 7 8 9 11 12
1 4 7 8 9 10 11
2 3 5 6 7 9 10 12 13
1 2 3 4 5 8 9 11 12
