TIC 167814656: fraction of orbital phase covered

N    scenario             10      27     100     200     365     730    1000    1500    2000   [days]
1    idealised        1.000   1.000   0.274   0.137   0.075   0.038   0.027   0.018   0.014
1    back-to-back     1.000   0.946   0.264   0.132   0.072   0.036   0.026   0.018   0.013
1    as observed      1.000   0.946   0.264   0.132   0.072   0.036   0.026   0.018   0.013

2    idealised        1.000   1.000   0.548   0.274   0.150   0.075   0.055   0.037   0.027
2    back-to-back     1.000   0.968   0.520   0.260   0.142   0.071   0.052   0.035   0.026
2    as observed      1.000   0.999   0.520   0.260   0.142   0.071   0.052   0.035   0.026

3    idealised        1.000   1.000   0.822   0.411   0.225   0.113   0.082   0.055   0.041
3    back-to-back     1.000   1.000   0.687   0.343   0.188   0.094   0.069   0.046   0.034
3    as observed      1.000   0.999   0.687   0.343   0.188   0.094   0.069   0.046   0.034

5    idealised        1.000   1.000   1.000   0.685   0.375   0.188   0.137   0.091   0.069
5    back-to-back     1.000   1.000   0.898   0.576   0.315   0.158   0.115   0.077   0.058
5    as observed      1.000   1.000   0.816   0.576   0.315   0.158   0.115   0.077   0.058

8    idealised        1.000   1.000   1.000   1.000   0.600   0.300   0.219   0.146   0.110
8    back-to-back     1.000   1.000   0.980   0.892   0.489   0.244   0.178   0.119   0.089
8    as observed      1.000   1.000   0.986   0.838   0.489   0.244   0.178   0.119   0.089

13   idealised        1.000   1.000   1.000   1.000   0.975   0.488   0.356   0.237   0.178
13   back-to-back     1.000   1.000   1.000   0.957   0.841   0.421   0.307   0.205   0.154
13   as observed      1.000   1.000   1.000   0.952   0.841   0.421   0.307   0.205   0.154

21   idealised        1.000   1.000   1.000   1.000   1.000   0.788   0.575   0.384   0.288
21   back-to-back     1.000   1.000   1.000   1.000   0.961   0.687   0.502   0.335   0.251
21   as observed      1.000   1.000   1.000   0.999   0.948   0.489   0.502   0.335   0.251

34   idealised        1.000   1.000   1.000   1.000   1.000   1.000   0.932   0.621   0.466
34   back-to-back     1.000   1.000   1.000   1.000   0.988   0.951   0.829   0.553   0.415
34   as observed      1.000   1.000   1.000   1.000   0.994   0.562   0.658   0.431   0.415

45   idealised        1.000   1.000   1.000   1.000   1.000   1.000   1.000   0.822   0.617
45   back-to-back     1.000   1.000   1.000   1.000   1.000   0.981   0.962   0.779   0.584
45   as observed      1.000   1.000   1.000   1.000   0.999   0.742   0.880   0.561   0.570

mean per-Sector duty cycle and Sector length by era:
  Cycle 1 (S1-13)        duty=0.919  mean span= 25.6 d
  Cycle 3 (S27-39)       duty=0.937  mean span= 25.8 d
  Cycles 5-6 (S61-69)    duty=0.966  mean span= 26.4 d
  Cycles 7-8 (S87-98)    duty=0.967  mean span= 32.6 d
